1
1
[]
100
1
[]
100
1
[[10,100]]
100
10
[[10,60],[20,30],[30,30],[60,40]]
100
50
[[50,50]]
1000
83
[[47,220],[65,1],[98,113],[126,196],[186,218],[320,205],[686,317],[707,325],[754,104],[781,105]]
999
1000
[[5,100],[997,100],[998,100]]
1000000000
145267354
[[32131797,142290934],[86397166,44642653],[99237057,56978680],[130019011,99649968],[154227249,90514223],[198652959,102942413],[272491487,108474929],[282220105,83721209],[302284128,43151624],[318501736,107636032],[359336452,73807027],[425903682,43078334],[447483572,53751173],[469840976,57311636],[472584505,57629539],[531147470,106487691],[611722638,111485731],[650472592,20105771],[692670691,141572192],[747847056,7972504],[800899205,106134661],[825649709,136473550],[880534339,72135820],[887048383,73776979],[967172408,58930710]]
1000000
963424
[[192595,942296],[238969,736194],[370900,927677],[416477,405812],[449276,144020],[545126,194739],[548657,222991],[586780,741716],[680873,214973],[964291,540733]]
